cifar10_pert_ratios = [
    0.0, 0.2, 0.4, 0.6, 0.8, 1.0, 1.2, 1.4, 1.6, 1.8,
    2.0, 2.2, 2.4, 2.6, 2.8, 3.0, 3.2, 3.4, 3.6, 3.8,
    4.0, 4.2, 4.4, 4.6, 4.8, 5.0, 5.2, 5.4, 5.6, 5.8,
    6.0, 6.2, 6.4, 6.6, 6.8, 7.0, 7.2, 7.4, 7.6, 7.8,
    8.0, 8.2, 8.4, 8.6, 8.8, 9.0, 9.2, 9.4, 9.6, 9.8,
    10.0, 10.2, 10.4, 10.6, 10.8, 11.0, 11.2, 11.4, 11.6, 11.8,
    12.0, 12.2, 12.4, 12.6, 12.8, 13.0, 13.2, 13.4, 13.6, 13.8,
    14.0, 14.2, 14.4, 14.6, 14.8, 15.0, 15.2, 15.4, 15.6, 15.8,
    16.0, 16.2, 16.4, 16.6, 16.8, 17.0, 17.2, 17.4, 17.6, 17.8,
    18.0, 18.2, 18.4, 18.6, 18.8, 19.0, 19.2, 19.4, 19.6, 19.8,
    20.0
]

cifar10_accuracy = [
    0.9437, 0.9440, 0.9421, 0.9429, 0.9430, 0.9420, 0.9398, 0.9398, 0.9373, 0.9368,
    0.9338, 0.9305, 0.9244, 0.9211, 0.9100, 0.9025, 0.8873, 0.8747, 0.8573, 0.8429,
    0.8232, 0.7959, 0.7824, 0.7576, 0.7369, 0.7208, 0.6896, 0.6772, 0.6579, 0.6332,
    0.6221, 0.6029, 0.5885, 0.5835, 0.5603, 0.5372, 0.5329, 0.5135, 0.4997, 0.4867,
    0.4799, 0.4729, 0.4568, 0.4413, 0.4359, 0.4220, 0.4208, 0.4161, 0.4007, 0.3957,
    0.3855, 0.3840, 0.3710, 0.3670, 0.3625, 0.3554, 0.3408, 0.3436, 0.3256, 0.3319,
    0.3344, 0.3188, 0.3198, 0.3064, 0.3113, 0.3029, 0.2977, 0.2926, 0.2972, 0.2941,
    0.2869, 0.2814, 0.2839, 0.2824, 0.2627, 0.2640, 0.2724, 0.2689, 0.2598, 0.2520,
    0.2556, 0.2438, 0.2488, 0.2418, 0.2474, 0.2475, 0.2341, 0.2349, 0.2371, 0.2358,
    0.2351, 0.2307, 0.2205, 0.2284, 0.2206, 0.2276, 0.2302, 0.2258, 0.2234, 0.2155,
    0.2209
]


cifar100_pert_ratios = [
    0.0, 0.2, 0.4, 0.6, 0.8, 1.0, 1.2, 1.4, 1.6, 1.8,
    2.0, 2.2, 2.4, 2.6, 2.8, 3.0, 3.2, 3.4, 3.6, 3.8,
    4.0, 4.2, 4.4, 4.6, 4.8, 5.0, 5.2, 5.4, 5.6, 5.8,
    6.0, 6.2, 6.4, 6.6, 6.8, 7.0, 7.2, 7.4, 7.6, 7.8,
    8.0, 8.2, 8.4, 8.6, 8.8, 9.0, 9.2, 9.4, 9.6, 9.8,
    10.0, 10.2, 10.4, 10.6, 10.8, 11.0, 11.2, 11.4, 11.6, 11.8,
    12.0, 12.2, 12.4, 12.6, 12.8, 13.0, 13.2, 13.4, 13.6, 13.8,
    14.0, 14.2, 14.4, 14.6, 14.8, 15.0, 15.2, 15.4, 15.6, 15.8,
    16.0, 16.2, 16.4, 16.6, 16.8, 17.0, 17.2, 17.4, 17.6, 17.8,
    18.0, 18.2, 18.4, 18.6, 18.8, 19.0, 19.2, 19.4, 19.6, 19.8,
    20.0
]

cifar100_accuracy = [
    0.7262, 0.7239, 0.7218, 0.7185, 0.7190, 0.7140, 0.7075, 0.6996, 0.6962, 0.6839,
    0.6757, 0.6605, 0.6529, 0.6345, 0.6265, 0.6134, 0.5970, 0.5783, 0.5599, 0.5387,
    0.5258, 0.5073, 0.4928, 0.4711, 0.4555, 0.4362, 0.4221, 0.3993, 0.3861, 0.3700,
    0.3541, 0.3324, 0.3183, 0.3133, 0.2912, 0.2872, 0.2671, 0.2615, 0.2462, 0.2380,
    0.2363, 0.2223, 0.2150, 0.2090, 0.1960, 0.1850, 0.1875, 0.1733, 0.1739, 0.1662,
    0.1615, 0.1464, 0.1473, 0.1479, 0.1355, 0.1354, 0.1283, 0.1294, 0.1172, 0.1203,
    0.1139, 0.1126, 0.1159, 0.0989, 0.1023, 0.1046, 0.1004, 0.0959, 0.0917, 0.0921,
    0.0861, 0.0815, 0.0854, 0.0790, 0.0775, 0.0820, 0.0748, 0.0763, 0.0717, 0.0691,
    0.0720, 0.0725, 0.0682, 0.0674, 0.0657, 0.0623, 0.0630, 0.0642, 0.0597, 0.0621,
    0.0616, 0.0558, 0.0589, 0.0603, 0.0548, 0.0538, 0.0593, 0.0531, 0.0549, 0.0499,
    0.0495
]
